0 -1.092 0.000 26.100
1 -1.086 -0.003 26.100
2 -1.075 -0.008 26.100
3 -1.063 -0.014 26.100
4 -1.050 -0.020 26.100
5 -1.038 -0.027 26.100
6 -1.025 -0.033 26.100
7 -1.012 -0.039 25.043
8 -1.005 -0.045 25.001
9 -0.999 -0.050 24.445
10 -0.988 -0.056 22.522
11 -0.976 -0.061 22.120
12 -0.963 -0.066 21.867
13 -0.949 -0.071 19.714
14 -0.936 -0.076 16.330
15 -0.922 -0.080 12.548
16 -0.908 -0.082 9.889
17 -0.893 -0.085 8.554
18 -0.879 -0.087 8.501
19 -0.865 -0.089 5.136
20 -0.850 -0.090 0.947
21 -0.836 -0.090 359.461
22 -0.822 -0.089 357.724
23 -0.807 -0.088 354.395
24 -0.793 -0.086 349.781
25 -0.779 -0.083 347.198
26 -0.765 -0.080 343.374
27 -0.751 -0.075 342.117
28 -0.738 -0.071 340.843
29 -0.724 -0.066 337.985
30 -0.711 -0.060 334.843
31 -0.698 -0.054 334.471
32 -0.685 -0.047 331.545
33 -0.673 -0.040 330.417
34 -0.660 -0.033 330.400
35 -0.647 -0.026 328.773
36 -0.635 -0.018 325.408
37 -0.624 -0.010 323.477
38 -0.612 -0.001 320.754
39 -0.601 0.008 318.744
40 -0.591 0.018 316.421
41 -0.581 0.028 312.588
42 -0.571 0.039 310.113
43 -0.562 0.050 308.102
44 -0.553 0.062 304.544
45 -0.546 0.074 302.283
46 -0.538 0.086 302.201
47 -0.530 0.098 300.722
48 -0.523 0.111 300.602
49 -0.516 0.123 300.404
50 -0.509 0.136 298.241
51 -0.502 0.148 297.806
52 -0.495 0.161 297.800
53 -0.488 0.174 298.332
54 -0.482 0.186 298.422
55 -0.475 0.199 300.167
56 -0.467 0.211 301.423
57 -0.459 0.223 305.625
58 -0.451 0.235 308.992
59 -0.441 0.246 312.878
60 -0.431 0.256 316.842
61 -0.421 0.266 316.515
62 -0.410 0.276 316.511
63 -0.399 0.285 326.396
64 -0.386 0.292 331.357
65 -0.374 0.298 335.928
66 -0.360 0.304 335.512
67 -0.347 0.310 335.570
68 -0.334 0.316 343.085
69 -0.320 0.319 349.045
70 -0.306 0.322 350.633
71 -0.292 0.324 349.811
72 -0.277 0.326 353.203
73 -0.263 0.328 357.994
74 -0.249 0.327 2.312
75 -0.234 0.327 2.793
76 -0.220 0.326 2.800
77 -0.206 0.325 2.895
78 -0.191 0.324 5.355
79 -0.177 0.323 6.486
80 -0.163 0.321 6.747
81 -0.148 0.319 9.658
82 -0.134 0.316 11.675
83 -0.120 0.313 14.647
84 -0.106 0.309 16.562
85 -0.092 0.305 19.296
86 -0.079 0.300 21.779
87 -0.066 0.294 26.258
88 -0.053 0.287 29.044
89 -0.041 0.280 29.248
90 -0.028 0.273 34.715
91 -0.017 0.264 36.907
92 -0.005 0.256 36.999
93 0.006 0.247 37.000
94 0.018 0.238 37.000
95 0.029 0.229 38.109
96 0.041 0.221 38.199
97 0.052 0.212 38.200
98 0.063 0.203 39.217
99 0.074 0.194 40.321
100 0.085 0.184 41.825
101 0.096 0.174 45.369
102 0.106 0.164 47.048
103 0.115 0.153 49.119
104 0.124 0.142 51.701
105 0.133 0.131 54.481
106 0.141 0.119 56.675
107 0.149 0.106 59.274
108 0.156 0.094 62.466
109 0.162 0.081 65.414
110 0.168 0.068 68.390
111 0.173 0.054 69.089
112 0.178 0.041 69.261
113 0.183 0.027 77.059
114 0.185 0.013 81.865
115 0.187 -0.001 85.562
116 0.188 -0.016 87.324
117 0.188 -0.030 89.301
118 0.188 -0.044 90.856
119 0.188 -0.059 90.899
120 0.188 -0.073 90.900
121 0.188 -0.088 90.900
122 0.188 -0.102 89.150
123 0.188 -0.116 87.481
124 0.189 -0.131 85.013
125 0.191 -0.145 82.620
126 0.193 -0.159 80.767
127 0.195 -0.174 78.449
128 0.198 -0.188 75.295
129 0.202 -0.201 72.253
130 0.207 -0.215 69.233
131 0.213 -0.228 66.004
132 0.219 -0.241 62.650
133 0.225 -0.254 62.207
134 0.232 -0.267 62.200
135 0.239 -0.279 57.710
136 0.248 -0.291 51.762
137 0.257 -0.302 48.257
138 0.267 -0.312 40.944
139 0.278 -0.321 38.733
140 0.290 -0.330 34.704
141 0.302 -0.338 28.098
142 0.315 -0.344 23.290
143 0.328 -0.349 20.651
144 0.342 -0.354 18.255
145 0.355 -0.359 18.102
146 0.369 -0.363 15.423
147 0.383 -0.366 9.484
148 0.397 -0.368 5.340
149 0.412 -0.369 3.085
150 0.426 -0.369 359.431
151 0.441 -0.369 356.836
152 0.455 -0.368 355.200
153 0.469 -0.367 353.340
154 0.484 -0.365 351.049
155 0.499 -0.362 350.902
156 0.512 -0.360 352.337
157 0.526 -0.358 355.459
158 0.541 -0.358 359.491
159 0.555 -0.358 2.479
160 0.569 -0.359 5.194
161 0.584 -0.361 7.888
162 0.598 -0.363 12.022
163 0.612 -0.367 18.886
164 0.625 -0.372 23.638
165 0.638 -0.378 26.390
166 0.651 -0.385 26.360
167 0.664 -0.391 25.019
168 0.677 -0.397 27.617
169 0.690 -0.406 40.009
170 0.699 -0.415 45.047
171 0.709 -0.425 47.319
172 0.719 -0.436 49.782
173 0.728 -0.447 54.232
174 0.736 -0.459 56.737
175 0.744 -0.471 56.802
176 0.752 -0.484 62.307
177 0.757 -0.497 71.406
178 0.761 -0.511 74.562
179 0.765 -0.525 77.535
180 0.768 -0.539 80.849
181 0.769 -0.553 86.883
182 0.769 -0.567 90.794
183 0.769 -0.582 90.551
184 0.769 -0.596 91.700
185 0.767 -0.610 102.866
186 0.763 -0.624 110.053
187 0.758 -0.638 113.972
188 0.752 -0.651 114.636
189 0.746 -0.664 117.280
190 0.738 -0.676 127.001
191 0.729 -0.687 133.140
192 0.719 -0.697 137.141
193 0.708 -0.706 143.078
194 0.696 -0.715 145.928
195 0.684 -0.723 146.097
196 0.672 -0.731 146.312
197 0.660 -0.738 150.561
198 0.647 -0.745 157.412
199 0.634 -0.750 158.189
200 0.620 -0.756 158.200
201 0.607 -0.761 158.200
202 0.593 -0.766 160.936
203 0.580 -0.770 165.140
204 0.566 -0.773 169.058
205 0.551 -0.776 168.010
206 0.538 -0.780 159.630
207 0.524 -0.786 154.786
208 0.511 -0.792 150.270
209 0.499 -0.800 147.457
210 0.487 -0.808 145.386
211 0.476 -0.816 141.024
212 0.465 -0.826 135.318
213 0.455 -0.836 132.716
214 0.445 -0.847 132.602
215 0.435 -0.857 132.600
216 0.426 -0.868 128.901
217 0.418 -0.880 121.652
218 0.410 -0.892 117.911
219 0.404 -0.905 115.756
220 0.398 -0.918 115.701
221 0.392 -0.931 115.700
222 0.385 -0.944 114.663
223 0.380 -0.958 109.151
224 0.376 -0.971 104.565
225 0.372 -0.985 101.728
226 0.370 -1.000 97.091
227 0.369 -1.011 91.577
228 0.368 -1.022 88.657
229 0.369 -1.036 85.032
230 0.371 -1.050 81.877
231 0.373 -1.064 81.307
232 0.375 -1.078 81.300
233 0.377 -1.092 81.300
234 0.379 -1.106 81.300
235 0.381 -1.116 81.300
236 0.382 -1.121 81.300
