0 -0.123 -0.052 91.800
1 -0.124 -0.064 91.800
2 -0.124 -0.077 91.800
3 -0.125 -0.091 91.800
4 -0.125 -0.106 92.135
5 -0.126 -0.120 92.620
6 -0.126 -0.134 93.512
7 -0.127 -0.149 93.796
8 -0.128 -0.163 93.992
9 -0.129 -0.178 94.558
10 -0.131 -0.192 94.992
11 -0.132 -0.206 95.597
12 -0.133 -0.221 95.779
13 -0.135 -0.235 95.898
14 -0.136 -0.249 95.900
15 -0.138 -0.264 95.900
16 -0.139 -0.278 96.876
17 -0.141 -0.292 97.485
18 -0.143 -0.306 98.506
19 -0.145 -0.321 100.079
20 -0.148 -0.335 101.724
21 -0.151 -0.349 104.569
22 -0.155 -0.363 105.916
23 -0.159 -0.377 106.387
24 -0.163 -0.390 107.308
25 -0.168 -0.404 107.399
26 -0.172 -0.418 107.400
27 -0.176 -0.432 107.400
28 -0.180 -0.445 107.400
29 -0.185 -0.459 107.400
30 -0.189 -0.473 107.400
31 -0.193 -0.486 107.400
32 -0.198 -0.500 108.320
33 -0.203 -0.514 111.024
34 -0.208 -0.527 111.969
35 -0.213 -0.540 113.019
36 -0.219 -0.554 113.688
37 -0.225 -0.567 113.987
38 -0.231 -0.580 114.000
39 -0.237 -0.593 114.109
40 -0.243 -0.606 115.715
41 -0.249 -0.619 118.357
42 -0.256 -0.632 118.984
43 -0.263 -0.644 119.095
44 -0.270 -0.657 122.954
45 -0.279 -0.668 130.230
46 -0.288 -0.679 132.096
47 -0.298 -0.690 133.071
48 -0.308 -0.700 133.493
49 -0.318 -0.711 135.207
50 -0.328 -0.721 136.942
51 -0.339 -0.730 137.830
52 -0.350 -0.740 140.199
53 -0.361 -0.749 142.483
54 -0.373 -0.757 145.474
55 -0.385 -0.765 148.991
56 -0.397 -0.772 151.752
57 -0.410 -0.779 154.487
58 -0.423 -0.785 158.789
59 -0.437 -0.789 162.114
60 -0.451 -0.794 164.141
61 -0.465 -0.797 166.036
62 -0.479 -0.800 170.570
63 -0.493 -0.801 180.915
64 -0.507 -0.801 183.102
65 -0.522 -0.800 185.035
66 -0.536 -0.798 188.015
67 -0.550 -0.796 190.175
68 -0.564 -0.793 192.509
69 -0.578 -0.790 194.947
70 -0.592 -0.786 197.133
71 -0.606 -0.781 200.265
72 -0.619 -0.776 204.155
73 -0.632 -0.769 207.859
74 -0.645 -0.762 211.671
75 -0.657 -0.754 214.372
76 -0.668 -0.746 218.064
77 -0.679 -0.737 222.784
78 -0.689 -0.726 229.099
79 -0.698 -0.715 230.488
80 -0.708 -0.704 230.588
81 -0.717 -0.693 232.088
82 -0.725 -0.681 234.096
83 -0.734 -0.670 236.126
84 -0.741 -0.658 237.761
85 -0.749 -0.645 237.997
86 -0.757 -0.633 238.000
87 -0.764 -0.621 238.000
88 -0.772 -0.609 238.000
89 -0.779 -0.596 242.739
90 -0.786 -0.583 243.293
91 -0.792 -0.571 243.300
92 -0.799 -0.558 243.300
93 -0.805 -0.545 243.480
94 -0.811 -0.532 246.218
95 -0.817 -0.518 249.648
96 -0.821 -0.505 252.570
97 -0.825 -0.491 253.868
98 -0.829 -0.477 253.900
99 -0.833 -0.463 253.900
100 -0.837 -0.450 253.900
101 -0.841 -0.436 253.900
102 -0.845 -0.422 254.420
103 -0.849 -0.408 254.815
104 -0.853 -0.394 255.258
105 -0.856 -0.380 256.272
106 -0.860 -0.366 256.453
107 -0.863 -0.352 258.523
108 -0.866 -0.338 259.607
109 -0.868 -0.324 261.319
110 -0.870 -0.309 261.399
111 -0.872 -0.295 261.681
112 -0.874 -0.281 261.700
113 -0.877 -0.267 261.700
114 -0.879 -0.252 261.700
115 -0.881 -0.238 261.700
116 -0.883 -0.224 261.700
117 -0.885 -0.210 262.460
118 -0.887 -0.195 263.778
119 -0.888 -0.181 265.009
120 -0.889 -0.167 265.836
121 -0.890 -0.152 265.998
122 -0.891 -0.138 266.075
123 -0.892 -0.124 266.100
124 -0.893 -0.109 266.242
125 -0.894 -0.095 268.384
126 -0.894 -0.081 269.815
127 -0.894 -0.066 269.995
128 -0.894 -0.052 270.000
129 -0.894 -0.037 270.207
130 -0.894 -0.023 270.397
131 -0.894 -0.009 270.555
132 -0.894 0.006 271.669
133 -0.893 0.020 273.050
134 -0.892 0.035 274.030
135 -0.891 0.049 274.679
136 -0.890 0.063 275.425
137 -0.888 0.078 275.855
138 -0.887 0.092 275.899
139 -0.885 0.106 275.900
140 -0.884 0.121 275.900
141 -0.882 0.135 276.079
142 -0.881 0.149 276.100
143 -0.879 0.164 276.276
144 -0.878 0.178 276.754
145 -0.876 0.192 276.799
146 -0.874 0.207 277.119
147 -0.872 0.221 277.199
148 -0.871 0.235 277.200
149 -0.869 0.249 277.200
150 -0.867 0.264 278.062
151 -0.865 0.278 279.478
152 -0.862 0.292 280.758
153 -0.859 0.306 282.179
154 -0.856 0.320 283.574
155 -0.853 0.334 284.887
156 -0.849 0.348 286.298
157 -0.845 0.362 286.884
158 -0.840 0.376 286.998
159 -0.836 0.389 287.000
160 -0.832 0.403 287.415
161 -0.827 0.417 289.014
162 -0.823 0.430 290.111
163 -0.818 0.444 291.199
164 -0.812 0.457 292.445
165 -0.807 0.471 293.583
166 -0.801 0.484 294.335
167 -0.795 0.497 294.819
168 -0.789 0.510 295.070
169 -0.782 0.523 295.962
170 -0.776 0.536 296.936
171 -0.769 0.548 297.897
172 -0.763 0.561 299.512
173 -0.755 0.574 300.837
174 -0.748 0.586 302.071
175 -0.740 0.598 303.184
176 -0.732 0.610 304.047
177 -0.724 0.622 305.561
178 -0.715 0.633 308.532
179 -0.706 0.644 312.890
180 -0.696 0.655 315.617
181 -0.685 0.665 316.994
182 -0.675 0.674 319.989
183 -0.664 0.683 322.591
184 -0.652 0.692 325.074
185 -0.640 0.700 327.308
186 -0.628 0.707 329.676
187 -0.615 0.714 330.859
188 -0.603 0.721 332.113
189 -0.590 0.728 334.265
190 -0.577 0.734 339.220
191 -0.563 0.738 343.967
192 -0.549 0.742 346.748
193 -0.535 0.745 348.880
194 -0.521 0.747 354.362
195 -0.506 0.748 354.893
196 -0.492 0.748 8.606
197 -0.478 0.745 17.939
198 -0.464 0.740 22.985
199 -0.451 0.734 26.407
200 -0.439 0.727 28.756
201 -0.426 0.720 28.081
202 -0.413 0.714 28.001
203 -0.401 0.707 28.385
204 -0.388 0.700 29.710
205 -0.376 0.693 30.806
206 -0.363 0.685 33.426
207 -0.351 0.677 34.987
208 -0.340 0.668 37.233
209 -0.328 0.660 40.312
210 -0.318 0.650 42.655
211 -0.307 0.640 42.305
212 -0.297 0.630 48.636
213 -0.288 0.619 55.586
214 -0.280 0.607 59.981
215 -0.273 0.594 61.400
216 -0.266 0.581 62.827
217 -0.260 0.569 63.487
218 -0.254 0.556 63.500
219 -0.247 0.543 63.500
220 -0.241 0.530 63.451
221 -0.234 0.517 63.317
222 -0.228 0.504 63.300
223 -0.221 0.491 63.300
224 -0.215 0.478 63.300
225 -0.208 0.466 63.300
226 -0.202 0.453 64.779
227 -0.196 0.440 66.286
228 -0.190 0.426 67.477
229 -0.185 0.413 67.893
230 -0.180 0.399 70.709
231 -0.175 0.386 72.234
232 -0.171 0.372 72.869
233 -0.167 0.358 73.618
234 -0.163 0.344 75.146
235 -0.159 0.331 75.492
236 -0.156 0.317 75.500
237 -0.152 0.303 76.643
238 -0.149 0.289 77.346
239 -0.146 0.275 77.399
240 -0.143 0.260 78.484
241 -0.140 0.246 79.007
242 -0.137 0.232 79.192
243 -0.135 0.218 79.821
244 -0.132 0.204 80.877
245 -0.130 0.190 81.830
246 -0.128 0.175 82.606
247 -0.126 0.161 82.936
248 -0.124 0.147 83.474
249 -0.123 0.132 83.866
250 -0.121 0.118 83.965
251 -0.120 0.104 84.349
252 -0.118 0.089 85.004
253 -0.117 0.075 85.626
254 -0.116 0.061 85.988
255 -0.115 0.046 86.098
256 -0.114 0.032 86.100
257 -0.113 0.018 86.100
258 -0.113 0.009 86.100
